
Round: 0
00000000
00000000
00000000
00000000
00000000
00000000
00000000
00000000

Valid moves for 1:
3, 3
3, 4
4, 3
4, 4

Player 1: 3, 3

After move by Player 1
00000000
00000000
00000000
00000000
00010000
00000000
00000000
00000000


Round: 1
00000000
00000000
00000000
00000000
00010000
00000000
00000000
00000000

Valid moves for 2:
3, 4
4, 3
4, 4

Player 2: 3, 4

After move by Player 2
00000000
00000000
00000000
00000000
00012000
00000000
00000000
00000000


Round: 2
00000000
00000000
00000000
00000000
00012000
00000000
00000000
00000000

Valid moves for 1:
4, 3
4, 4

Player 1: 4, 3

After move by Player 1
00000000
00000000
00000000
00010000
00012000
00000000
00000000
00000000


Round: 3
00000000
00000000
00000000
00010000
00012000
00000000
00000000
00000000

Valid moves for 2:
4, 4

Player 2: 4, 4

After move by Player 2
00000000
00000000
00000000
00012000
00012000
00000000
00000000
00000000


Round: 4
00000000
00000000
00000000
00012000
00012000
00000000
00000000
00000000

Valid moves for 1:
2, 5
3, 5
4, 5
5, 5

Player 1: 3, 5

After move by Player 1
00000000
00000000
00000000
00012000
00011100
00000000
00000000
00000000


Round: 5
00000000
00000000
00000000
00012000
00011100
00000000
00000000
00000000

Valid moves for 2:
2, 2
2, 4
2, 6
4, 2

Player 2: 2, 2

After move by Player 2
00000000
00000000
00000000
00012000
00021100
00200000
00000000
00000000


Round: 6
00000000
00000000
00000000
00012000
00021100
00200000
00000000
00000000

Valid moves for 1:
2, 3
3, 2
4, 5
5, 3
5, 4

Player 1: 5, 4

After move by Player 1
00000000
00000000
00001000
00011000
00021100
00200000
00000000
00000000


Round: 7
00000000
00000000
00001000
00011000
00021100
00200000
00000000
00000000

Valid moves for 2:
3, 6
5, 3
5, 5

Player 2: 3, 6

After move by Player 2
00000000
00000000
00001000
00011000
00022220
00200000
00000000
00000000


Round: 8
00000000
00000000
00001000
00011000
00022220
00200000
00000000
00000000

Valid moves for 1:
1, 1
2, 3
2, 4
2, 5
2, 6

Player 1: 2, 4

After move by Player 1
00000000
00000000
00001000
00011000
00021220
00201000
00000000
00000000


Round: 9
00000000
00000000
00001000
00011000
00021220
00201000
00000000
00000000

Valid moves for 2:
1, 3
1, 5
5, 3
5, 5

Player 2: 1, 3

After move by Player 2
00000000
00000000
00001000
00011000
00021220
00202000
00020000
00000000


Round: 10
00000000
00000000
00001000
00011000
00021220
00202000
00020000
00000000

Valid moves for 1:
1, 1
1, 4
2, 3
2, 6
3, 2
3, 7

Player 1: 2, 3

After move by Player 1
00000000
00000000
00001000
00011000
00011220
00212000
00020000
00000000


Round: 11
00000000
00000000
00001000
00011000
00011220
00212000
00020000
00000000

Valid moves for 2:
3, 2
4, 2
5, 3
5, 5
6, 4

Player 2: 3, 2

After move by Player 2
00000000
00000000
00001000
00011000
00222220
00212000
00020000
00000000


Round: 12
00000000
00000000
00001000
00011000
00222220
00212000
00020000
00000000

Valid moves for 1:
0, 3
1, 1
1, 4
2, 1
2, 5
2, 6
4, 1
4, 5

Player 1: 2, 5

After move by Player 1
00000000
00000000
00001000
00011000
00221220
00211100
00020000
00000000


Round: 13
00000000
00000000
00001000
00011000
00221220
00211100
00020000
00000000

Valid moves for 2:
1, 4
1, 5
2, 6
5, 3
5, 5
6, 5

Player 2: 1, 4

After move by Player 2
00000000
00000000
00001000
00011000
00221220
00221200
00022000
00000000


Round: 14
00000000
00000000
00001000
00011000
00221220
00221200
00022000
00000000

Valid moves for 1:
0, 2
0, 3
0, 4
1, 1
1, 2
1, 6
2, 1
2, 6
3, 1
3, 7
4, 2
4, 6

Player 1: 2, 6

After move by Player 1
00000000
00000000
00001000
00011000
00221120
00221110
00022000
00000000


Round: 15
00000000
00000000
00001000
00011000
00221120
00221110
00022000
00000000

Valid moves for 2:
1, 5
1, 6
2, 7
4, 5
4, 6
5, 3
5, 5
6, 4
6, 5

Player 2: 1, 5

After move by Player 2
00000000
00000000
00001000
00011000
00221120
00222110
00022200
00000000


Round: 16
00000000
00000000
00001000
00011000
00221120
00222110
00022200
00000000

Valid moves for 1:
0, 2
0, 3
0, 4
0, 5
1, 1
1, 2
2, 1
3, 1
3, 7
4, 6
4, 7

Player 1: 0, 4

After move by Player 1
00000000
00000000
00001000
00011000
00221120
00221110
00021100
00001000


Round: 17
00000000
00000000
00001000
00011000
00221120
00221110
00021100
00001000

Valid moves for 2:
0, 3
0, 5
0, 6
1, 6
2, 7
4, 5
4, 6
5, 3
5, 5
6, 5

Player 2: 0, 3

After move by Player 2
00000000
00000000
00001000
00011000
00221120
00221210
00022100
00021000


Round: 18
00000000
00000000
00001000
00011000
00221120
00221210
00022100
00021000

Valid moves for 1:
0, 2
1, 1
1, 2
1, 6
2, 1
3, 1
3, 7
4, 2
4, 6

Player 1: 1, 6

After move by Player 1
00000000
00000000
00001000
00011000
00221120
00221110
00022110
00021000


Round: 19
00000000
00000000
00001000
00011000
00221120
00221110
00022110
00021000

Valid moves for 2:
0, 5
0, 6
1, 7
2, 7
4, 5
4, 6
5, 3
5, 5
6, 4
6, 5

Player 2: 0, 5

After move by Player 2
00000000
00000000
00001000
00011000
00221120
00221110
00022110
00022200


Round: 20
00000000
00000000
00001000
00011000
00221120
00221110
00022110
00022200

Valid moves for 1:
0, 2
1, 1
1, 2
2, 1
3, 1
3, 7
4, 2
4, 6
4, 7

Player 1: 3, 7

After move by Player 1
00000000
00000000
00001000
00011000
00221111
00221110
00022110
00022200


Round: 21
00000000
00000000
00001000
00011000
00221111
00221110
00022110
00022200

Valid moves for 2:
0, 6
1, 7
2, 7
4, 5
4, 6
4, 7
5, 3
5, 5
6, 4
6, 5

Player 2: 0, 6

After move by Player 2
00000000
00000000
00001000
00011000
00221111
00222110
00022210
00022220


Round: 22
00000000
00000000
00001000
00011000
00221111
00222110
00022210
00022220

Valid moves for 1:
0, 2
1, 1
1, 2
2, 1
3, 1

Player 1: 0, 2

After move by Player 1
00000000
00000000
00001000
00011000
00221111
00221110
00012210
00122220


Round: 23
00000000
00000000
00001000
00011000
00221111
00221110
00012210
00122220

Valid moves for 2:
0, 1
1, 2
1, 7
2, 7
4, 5
4, 6
4, 7
5, 3
5, 5
6, 4
6, 5

Player 2: 0, 1

After move by Player 2
00000000
00000000
00001000
00011000
00221111
00221110
00012210
02222220


Round: 24
00000000
00000000
00001000
00011000
00221111
00221110
00012210
02222220

Valid moves for 1:
1, 1
1, 2
2, 1
3, 1
4, 2

Player 1: 1, 1

After move by Player 1
00000000
00000000
00001000
00011000
00211111
00121110
01012210
02222220


Round: 25
00000000
00000000
00001000
00011000
00211111
00121110
01012210
02222220

Valid moves for 2:
1, 2
1, 7
2, 0
2, 1
2, 7
3, 1
4, 2
4, 5
4, 6
4, 7
5, 3
6, 4
6, 5

Player 2: 1, 2

After move by Player 2
00000000
00000000
00001000
00011000
00211111
00221110
01222210
02222220


Round: 26
00000000
00000000
00001000
00011000
00211111
00221110
01222210
02222220

Valid moves for 1:
2, 1
3, 1

Player 1: 3, 1

After move by Player 1
00000000
00000000
00001000
00011000
01111111
00221110
01222210
02222220


Round: 27
00000000
00000000
00001000
00011000
01111111
00221110
01222210
02222220

Valid moves for 2:
0, 0
1, 0
1, 7
2, 0
2, 1
2, 7
4, 0
4, 1
4, 2
4, 5
4, 6
4, 7
5, 3
5, 5
6, 4

Player 2: 0, 0

After move by Player 2
00000000
00000000
00001000
00011000
01111111
00221110
02222210
22222220


Round: 28
00000000
00000000
00001000
00011000
01111111
00221110
02222210
22222220

Valid moves for 1:
1, 0
2, 1

Player 1: 1, 0

After move by Player 1
00000000
00000000
00001000
00011000
01111111
00221110
11111110
22222220


Round: 29
00000000
00000000
00001000
00011000
01111111
00221110
11111110
22222220

Valid moves for 2:
2, 0
2, 1
2, 7
4, 0
4, 1
4, 2
4, 5
4, 6
4, 7
5, 3
5, 5
6, 4

Player 2: 2, 0

After move by Player 2
00000000
00000000
00001000
00011000
01111111
20221110
22111110
22222220


Round: 30
00000000
00000000
00001000
00011000
01111111
20221110
22111110
22222220

Valid moves for 1:
2, 1

Player 1: 2, 1

After move by Player 1
00000000
00000000
00001000
00011000
01111111
21111110
22111110
22222220


Round: 31
00000000
00000000
00001000
00011000
01111111
21111110
22111110
22222220

Valid moves for 2:
1, 7
2, 7
3, 0
4, 0
4, 1
4, 2
4, 5
4, 6
4, 7
5, 3
5, 5
6, 4
6, 5

Player 2: 1, 7

After move by Player 2
00000000
00000000
00001000
00011000
01111111
21111110
22222222
22222220


Round: 32
00000000
00000000
00001000
00011000
01111111
21111110
22222222
22222220

Valid moves for 1:
0, 7

Player 1: 0, 7

After move by Player 1
00000000
00000000
00001000
00011000
01111111
21111110
22222212
22222221


Round: 33
00000000
00000000
00001000
00011000
01111111
21111110
22222212
22222221

Valid moves for 2:
2, 7
3, 0
4, 0
4, 1
4, 2
4, 5
4, 6
4, 7
5, 3
5, 5
6, 4
6, 5

Player 2: 2, 7

After move by Player 2
00000000
00000000
00001000
00011000
01111111
22222222
22222222
22222221


Round: 34
00000000
00000000
00001000
00011000
01111111
22222222
22222222
22222221

Valid moves for 1:

Player 1 can't move

Round: 34
00000000
00000000
00001000
00011000
01111111
22222222
22222222
22222221

Valid moves for 2:
4, 0
4, 1
4, 2
4, 5
4, 6
4, 7
5, 2
5, 3
5, 5
6, 4
6, 5

Player 2: 4, 0

After move by Player 2
00000000
00000000
00001000
20011000
02111111
22222222
22222222
22222221


Round: 35
00000000
00000000
00001000
20011000
02111111
22222222
22222222
22222221

Valid moves for 1:
3, 0

Player 1: 3, 0

After move by Player 1
00000000
00000000
00001000
20011000
11111111
22222222
22222222
22222221


Round: 36
00000000
00000000
00001000
20011000
11111111
22222222
22222222
22222221

Valid moves for 2:
4, 1
4, 2
4, 5
4, 6
4, 7
5, 2
5, 3
5, 5
6, 4
6, 5

Player 2: 4, 1

After move by Player 2
00000000
00000000
00001000
22011000
12211111
22222222
22222222
22222221


Round: 37
00000000
00000000
00001000
22011000
12211111
22222222
22222222
22222221

Valid moves for 1:
5, 0
5, 2

Player 1: 5, 2

After move by Player 1
00000000
00000000
00101000
21011000
12211111
22222222
22222222
22222221


Round: 38
00000000
00000000
00101000
21011000
12211111
22222222
22222222
22222221

Valid moves for 2:
4, 2
4, 5
4, 6
4, 7
5, 0
5, 1
5, 3
5, 5
6, 1
6, 4
6, 5

Player 2: 4, 2

After move by Player 2
00000000
00000000
00101000
22211000
12221111
22222222
22222222
22222221


Round: 39
00000000
00000000
00101000
22211000
12221111
22222222
22222222
22222221

Valid moves for 1:
5, 0

Player 1: 5, 0

After move by Player 1
00000000
00000000
10101000
12211000
12221111
22222222
22222222
22222221


Round: 40
00000000
00000000
10101000
12211000
12221111
22222222
22222222
22222221

Valid moves for 2:
4, 5
4, 6
4, 7
5, 3
5, 5
6, 0
6, 1
6, 2
6, 3
6, 4
6, 5

Player 2: 4, 5

After move by Player 2
00000000
00000000
10101000
12222200
12222221
22222222
22222222
22222221


Round: 41
00000000
00000000
10101000
12222200
12222221
22222222
22222222
22222221

Valid moves for 1:
4, 6

Player 1: 4, 6

After move by Player 1
00000000
00000000
10101000
11111110
12222221
22222222
22222222
22222221


Round: 42
00000000
00000000
10101000
11111110
12222221
22222222
22222222
22222221

Valid moves for 2:
4, 7
5, 1
5, 3
5, 5
5, 6
5, 7
6, 0
6, 1
6, 2
6, 3
6, 4
6, 5

Player 2: 4, 7

After move by Player 2
00000000
00000000
10101000
11111112
12222222
22222222
22222222
22222221


Round: 43
00000000
00000000
10101000
11111112
12222222
22222222
22222222
22222221

Valid moves for 1:
5, 7

Player 1: 5, 7

After move by Player 1
00000000
00000000
10101001
11111111
12222221
22222221
22222221
22222221


Round: 44
00000000
00000000
10101001
11111111
12222221
22222221
22222221
22222221

Valid moves for 2:
5, 1
5, 3
5, 5
5, 6
6, 0
6, 1
6, 2
6, 3
6, 4
6, 5

Player 2: 5, 1

After move by Player 2
00000000
00000000
12101001
12211111
12222221
22222221
22222221
22222221


Round: 45
00000000
00000000
12101001
12211111
12222221
22222221
22222221
22222221

Valid moves for 1:
6, 2

Player 1: 6, 2

After move by Player 1
00000000
00100000
11101001
12211111
12222221
22222221
22222221
22222221


Round: 46
00000000
00100000
11101001
12211111
12222221
22222221
22222221
22222221

Valid moves for 2:
5, 3
5, 5
5, 6
6, 0
6, 1
6, 3
6, 4
6, 5
7, 2

Player 2: 5, 3

After move by Player 2
00000000
00100000
11121001
12222111
12222221
22222221
22222221
22222221


Round: 47
00000000
00100000
11121001
12222111
12222221
22222221
22222221
22222221

Valid moves for 1:

Player 1 can't move

Round: 47
00000000
00100000
11121001
12222111
12222221
22222221
22222221
22222221

Valid moves for 2:
5, 5
5, 6
6, 0
6, 1
6, 3
6, 4
6, 5
7, 1
7, 2

Player 2: 5, 5

After move by Player 2
00000000
00100000
11122201
12222211
12222221
22222221
22222221
22222221


Round: 48
00000000
00100000
11122201
12222211
12222221
22222221
22222221
22222221

Valid moves for 1:
5, 6
6, 3
6, 4

Player 1: 5, 6

After move by Player 1
00000000
00100000
11111111
12222211
12222221
22222221
22222221
22222221


Round: 49
00000000
00100000
11111111
12222211
12222221
22222221
22222221
22222221

Valid moves for 2:
6, 0
6, 1
6, 3
6, 4
6, 5
6, 6
6, 7
7, 1
7, 2

Player 2: 6, 0

After move by Player 2
00000000
20100000
22111111
22222211
22222221
22222221
22222221
22222221


Round: 50
00000000
20100000
22111111
22222211
22222221
22222221
22222221
22222221

Valid moves for 1:

Player 1 can't move

Round: 50
00000000
20100000
22111111
22222211
22222221
22222221
22222221
22222221

Valid moves for 2:
6, 1
6, 3
6, 4
6, 5
6, 6
6, 7
7, 1
7, 2
7, 3

Player 2: 6, 1

After move by Player 2
00000000
22100000
22211111
22222211
22222221
22222221
22222221
22222221


Round: 51
00000000
22100000
22211111
22222211
22222221
22222221
22222221
22222221

Valid moves for 1:
7, 0

Player 1: 7, 0

After move by Player 1
10000000
21100000
22111111
22212211
22221221
22222121
22222211
22222221


Round: 52
10000000
21100000
22111111
22212211
22221221
22222121
22222211
22222221

Valid moves for 2:
6, 3
6, 4
6, 5
6, 6
6, 7
7, 1
7, 2
7, 3

Player 2: 6, 3

After move by Player 2
10000000
22220000
22222111
22222211
22221221
22222121
22222211
22222221


Round: 53
10000000
22220000
22222111
22222211
22221221
22222121
22222211
22222221

Valid moves for 1:
6, 4
7, 1
7, 2

Player 1: 6, 4

After move by Player 1
10000000
22221000
22221111
22221211
22221221
22222121
22222211
22222221


Round: 54
10000000
22221000
22221111
22221211
22221221
22222121
22222211
22222221

Valid moves for 2:
6, 5
6, 6
6, 7
7, 4
7, 5

Player 2: 6, 5

After move by Player 2
10000000
22222200
22222211
22221211
22221221
22222121
22222211
22222221


Round: 55
10000000
22222200
22222211
22221211
22221221
22222121
22222211
22222221

Valid moves for 1:
6, 6
7, 1
7, 2
7, 3
7, 4
7, 5

Player 1: 6, 6

After move by Player 1
10000000
22222210
22222111
22221211
22221221
22222121
22222211
22222221


Round: 56
10000000
22222210
22222111
22221211
22221221
22222121
22222211
22222221

Valid moves for 2:
6, 7
7, 6
7, 7

Player 2: 6, 7

After move by Player 2
10000000
22222222
22222121
22221211
22221221
22222121
22222211
22222221


Round: 57
10000000
22222222
22222121
22221211
22221221
22222121
22222211
22222221

Valid moves for 1:
7, 1
7, 2
7, 3
7, 4
7, 5
7, 6
7, 7

Player 1: 7, 7

After move by Player 1
10000001
22222211
22222121
22221211
22221221
22222121
22222211
22222221


Round: 58
10000001
22222211
22222121
22221211
22221221
22222121
22222211
22222221

Valid moves for 2:
7, 6

Player 2: 7, 6

After move by Player 2
10000021
22222221
22222121
22221211
22221221
22222121
22222211
22222221


Round: 59
10000021
22222221
22222121
22221211
22221221
22222121
22222211
22222221

Valid moves for 1:
7, 1
7, 2
7, 3
7, 4
7, 5

Player 1: 7, 5

After move by Player 1
10000111
22222111
22222121
22221211
22221221
22222121
22222211
22222221


Round: 60
10000111
22222111
22222121
22221211
22221221
22222121
22222211
22222221

Valid moves for 2:
7, 4

Player 2: 7, 4

After move by Player 2
10002111
22222211
22222121
22221211
22221221
22222121
22222211
22222221


Round: 61
10002111
22222211
22222121
22221211
22221221
22222121
22222211
22222221

Valid moves for 1:
7, 1
7, 2
7, 3

Player 1: 7, 1

After move by Player 1
11002111
22122211
22212121
22221211
22221221
22222121
22222211
22222221


Round: 62
11002111
22122211
22212121
22221211
22221221
22222121
22222211
22222221

Valid moves for 2:
7, 2
7, 3

Player 2: 7, 2

After move by Player 2
11202111
22222211
22212121
22221211
22221221
22222121
22222211
22222221


Round: 63
11202111
22222211
22212121
22221211
22221221
22222121
22222211
22222221

Valid moves for 1:
7, 3

Player 1: 7, 3

After move by Player 1
11111111
22211211
22212121
22221211
22221221
22222121
22222211
22222221


Round: 64
11111111
22211211
22212121
22221211
22221221
22222121
22222211
22222221

Valid moves for 2:

Player 2 can't move

Round: 64
11111111
22211211
22212121
22221211
22221221
22222121
22222211
22222221

Valid moves for 1:

Player 1 can't move

Black: 25
White: 39

